,Cough,Fever,Abdominal_pain,skin_rash,Lactic_acisdosis,Lipodystrophy,Anemia,Anorexia,Diarrhea,Leg_pain,Night_Sweats,Other,Peripheral_neuropathy,Vomiting,Weight_loss,Age,Last Drug,Tot Prev Month Symptoms
Original_symptoms.csv
Cough,0.27910618107,0.0692497578235,0.0247067809441,0.0929106286344,0.0918612062831,0.132313334621,0.00229627542878,0.0434122559805,0.00712176426345,0.0198344649914,0.0289587044415,0.0445452152288,0.0166608416584,0.00391569142014,0.0316070983027,0.0697951124975,0.0227410313164,0.0189636550943
Fever,0.0819786543757,0.253814203622,0.0275806838126,0.0295813518038,0.0332727621202,0.0218202301521,0.00419963975029,0.0141060100572,0.0177611195319,0.0309097044347,0.0518771704436,0.0515882183984,0.0374919017743,0.0160859732732,0.0455857920527,0.164821928002,0.0731231191154,0.0444015372796
Abdominal pain,0.0617540230087,0.0373237092733,0.380928494603,0.0461983057337,0.0323785397598,0.0255625959463,0.00675236819835,0.0578497548369,0.0195031004864,0.0174774088876,0.0090845835204,0.0480856703093,0.0261961811884,0.00966189013804,0.013432644443,0.117535393929,0.0469139970468,0.0433613386918
Skin rash,0.0371960015303,0.0804725977084,0.0779825599997,0.112035063756,0.136307620562,0.262598458049,0.000598812852188,0.0802889394701,0.0045786597913,0.0231449361151,0.0038873717206,0.0176731339545,0.0130629683113,0.00198274964684,0.0049829828361,0.0734451478421,0.0365392146421,0.0332227812123
Lipodystrophy,0.0167024274152,0.0142668969636,0.0213118825031,0.100103921008,0.072128419422,0.390987624128,0.000149922463302,0.017167523359,0.00501386645934,0.0441475603929,0.00325887061701,0.0372156023708,0.0204428150614,0.000610766250646,0.0114291250355,0.117055130868,0.094880459456,0.0331271862253
Anemia,0.0463839132342,0.0375715720867,0.00878169940376,0.0439418956247,0.000750120626616,0.0645816768263,0.443309777873,0.000233031089108,0.00979109336214,0.0395940454012,0.00653806389101,0.0240789683809,0.0331534167136,0.00143817422032,0.0377263068782,0.142132140126,0.0282074911817,0.0317866130802
Anorexia,0.0678532799594,0.115448218184,0.015646011025,0.0458336841926,0.0555943230847,0.0153058794432,0.0,0.346334590128,0.0290211773263,0.0394683812699,0.0189923294352,0.053396011698,0.00854158002207,0.0157135630635,0.00961926328346,0.086941904261,0.0232382097377,0.0530515938861
Diarrhea,0.061312667751,0.0258030772952,0.0495131767091,0.0432161536663,0.0130861437473,0.0133894813242,0.00179160195323,0.020216339596,0.36150641906,0.0233857843643,0.0044662006464,0.0570729736999,0.0202486650616,0.0191783407441,0.0104541768276,0.14663359247,0.0657079627226,0.063017242362
Leg pain / numbness,0.0698876744219,0.0380778154409,0.0578453435498,0.0664770687711,0.0166767481573,0.070001833024,0.00274577651335,0.0233479179576,0.0126407589519,0.300092457604,0.00373907542775,0.0619054230005,0.0560262085805,0.00539399930542,0.0129268859248,0.113290601411,0.0554094039618,0.0335150079971
Night sweats,0.152506500367,0.0695069818768,1.44677459527e-05,0.00153795759821,3.17467755037e-05,3.67959442586e-05,0.0,9.22023237878e-05,0.0,2.37690226528e-05,0.481095795843,0.00371299816308,0.000285771649858,1.52331158569e-06,0.0917519953592,0.0831770020586,0.0908154676131,0.0254090243478
Peripheral neuropathy,0.0488871187368,0.0192171763283,0.0394946474646,0.0462403185869,0.0324329404259,0.0546009111717,0.00131653712719,0.00965906640654,0.0134895550901,0.132713371018,0.00923348418504,0.0684414714969,0.273161502852,0.0114187626487,0.0173621358649,0.121470600209,0.06484942323,0.0360109771574
Vomiting,0.0672077863341,0.02226606571,0.0770663743772,0.0360925016743,0.000958946737416,5.16126205721e-05,0.00912333915458,0.0265074991515,0.0878205954412,0.0303681722731,0.00627833208562,0.0511829955738,0.0100811972956,0.381917148216,0.0187899042427,0.100039268325,0.049518282031,0.0247299787567
Weight loss / Failure to thrive / malnutrition,0.169217982546,0.128662718254,0.0494815323658,0.0374680521388,0.00539860950231,0.00260449010368,0.000518105896412,0.00773895648684,0.00363674119199,0.00980972232782,0.0573133015822,0.0439477072395,0.0119151784408,0.000754053644439,0.344517559581,0.0940356549166,0.0168094033432,0.016170230439
Other symptom,0.123905857366,0.0417709553077,0.0518938510137,0.0443649554672,0.0185387147279,0.0364790152311,0.00274367528847,0.0240304235741,0.0188111009851,0.0479449080656,0.0128790357047,0.308118048201,0.0337017034967,0.00705031137553,0.0368968837203,0.116762544313,0.0415898163228,0.0325181998392
No symptoms,0.0868661709162,0.0553493299873,0.0529307090317,0.0513426639471,0.0411743304107,0.0406553165699,0.00161439687573,0.044206603299,0.00910302696006,0.0520107925468,0.0111152922533,0.029591539082,0.0325959434334,0.00512368329964,0.0120751541922,0.2734004358,0.0794798203026,0.121364791092

RandomUnderSampler_0.6_symptoms.csv
Cough,0.162861215473,0.0646021415291,0.0159767006449,0.000222496737873,0.00427289559892,0.0234495194816,0.0292213584809,0.00261545039705,0.0,0.0199631437781,0.0185060981311,0.0262394941251,0.0332366338619,0.00983297147254,0.0924635633743,0.291550564645,0.113689369315,0.0912963829534
Fever,0.149517765982,0.163383508574,0.0245973474007,0.0790443140922,0.0587291568508,0.0397034252297,0.00692599320758,0.021750389892,0.0,0.0116800779607,0.00595013129702,0.0684668887543,0.00397137922202,0.0228070175439,0.0222290948168,0.225605005351,0.0728882385562,0.0227502652689
Abdominal pain,0.110784603082,0.103140341355,0.0753522826716,0.157202806034,0.131650614734,0.0521840380039,0.0,0.0418159381621,0.00525770491194,0.0756714711126,0.0171551441678,0.0432156390653,0.058348592563,0.0,0.0,0.0908895120055,0.0333738252775,0.00395748685402
Skin rash,0.0502837981885,0.0414941603607,0.0452530664599,0.173551884751,0.0620784648031,0.118599879319,0.0,0.112743215993,0.0,0.0217175066313,0.0,0.0394028074978,0.00104347826087,0.0,0.00646551724138,0.173426563803,0.130920945214,0.0230187114768
Lipodystrophy,0.0779342320123,0.162943025047,0.0754055976215,0.138378779352,0.0406892423192,0.315746070755,0.0019831156951,0.0138340421818,0.00980955061018,0.00552556054423,0.0058179573328,0.00264078695451,0.0327234611014,0.00713169631736,0.0111189446148,0.0348265411522,0.0294052574921,0.0340861388964
Anemia,0.0,0.00829327651529,0.0238673013649,0.00323392736296,0.00139064475348,0.00717258734325,0.790129603488,0.0185803969629,0.00184718076552,0.00399126660809,0.017842259608,0.0,0.00528809669867,0.00171837288202,0.00618515205725,0.0634920541,0.0293926707035,0.0175752087862
Anorexia,0.147188250043,0.120397948949,0.0171879402649,0.0828070979477,0.148329159206,0.0212102575174,0.0,0.256688504609,0.0168801763478,0.00348806156429,0.0110884557721,0.0205787950715,0.0660416709383,0.0261022007192,0.0,0.0392377615807,0.0208743842365,0.00189933523267
Diarrhea,0.0411220758291,0.00955378323955,0.00533692722372,0.00714285714286,0.0,0.0398407467731,0.0,0.00689315428405,0.586073869405,0.00444021304473,0.0212053571429,0.0447424552948,0.00317869911198,0.00863693235225,0.0124136738625,0.0972247682881,0.0750854569111,0.037109030094
Leg pain / numbness,0.107755341947,0.0718225922184,0.0213240496612,0.0330755651989,0.00647016534867,0.0674486451256,0.00162308770277,0.0716540131412,0.00519027593688,0.304334378266,0.0112219616436,0.0120896609329,0.0369747790295,0.0152312231626,0.0558906698458,0.0836969598482,0.0692550244356,0.0249416065552
Night sweats,0.198549096433,0.146127897453,0.0,0.00104947526237,0.0,0.0,0.017094017094,0.00898159905477,0.0,0.0,0.277824856405,0.0033386327504,0.0,0.00480641879722,0.0749328797326,0.137274609149,0.109807592393,0.0202129254761
Peripheral neuropathy,0.0442441745333,0.0359186144067,0.0343798912579,0.0276622658997,0.000701459034792,0.0414300786809,0.00186741363212,0.00667222685571,0.0,0.0409212950368,0.0111503974076,0.0305415764588,0.339670800757,0.00119110115096,0.0168082033639,0.211127873875,0.0451797122305,0.110532915418
Vomiting,0.0616270336062,0.00697433181477,0.0112613876635,0.0256662063644,0.0,0.00977676204459,0.018845456157,0.0138517341577,0.0100991104125,0.00818597780917,0.00173913043478,0.022798947894,0.0176158727088,0.522801101687,0.0441401839574,0.134556912741,0.0686860389373,0.0213738116099
Weight loss / Failure to thrive / malnutrition,0.120849165032,0.0808188691215,0.00480274442539,0.0,0.0,0.00409341915451,0.0350304952189,0.00653843443951,0.00735533611829,0.0290253841346,0.0374545030205,0.00226662048278,0.0146187479568,0.0118429601692,0.317867320863,0.253331974169,0.0518844505197,0.0222195751733
Other symptom,0.0249115939479,0.0207126784648,0.0464769423312,0.0295473423707,0.0169849758085,0.040870788226,0.0176299668269,0.0168722714838,0.0298224835632,0.0355253709831,0.000763941940413,0.139246842765,0.0090150944205,0.0182423803113,0.0158682357423,0.398995599655,0.125435060166,0.0130784309939
No symptoms,0.0858998967552,0.0984508146213,0.00555148483685,0.0564022386695,0.0703058331578,0.0116275747721,7.70257779604e-05,0.0932346526201,0.00937925846747,0.00554351972762,0.0112440722949,0.0280559433076,0.0195350803696,0.0,0.00688755438301,0.309885056034,0.0580604168594,0.129859577346

NearMiss_0.025_symptoms.csv
Cough,0.283946822448,0.012309081841,0.0511200189005,0.0919842563034,0.0303400080577,0.0728014687357,0.00308501056261,0.0855172701643,0.00338080776248,0.0224067954736,0.106435854742,0.0733338409876,0.0262547123015,0.00449605847901,0.0301883677191,0.0572851111338,0.0295519892876,0.0155625250998
Fever,0.13003843853,0.245771321298,0.0323205841173,0.0358496675603,0.0238808193251,0.0164353126038,0.0023421857441,0.0286460124882,0.0141273077077,0.0337365616432,0.0247065522483,0.0523721301558,0.0175587669044,0.0178915751122,0.0489198218158,0.173502721452,0.0678338950306,0.0340663262634
Abdominal pain,0.0449489235168,0.0661440297555,0.205940291065,0.073836109034,0.125162464764,0.0423484174242,0.00112122272151,0.0609719858403,0.0450265481964,0.0295293176871,0.0142982483599,0.0397395877277,0.0249613187854,0.00878643100493,0.0132751708302,0.113766065414,0.0421858665456,0.0479580013279
Skin rash,0.0283559940506,0.0702905710951,0.108846630533,0.143734029522,0.173799876318,0.126162013675,0.000545001837099,0.0820836846538,0.00342630254631,0.0295893616954,0.0017339302693,0.0167612145028,0.0113733590554,0.00116753839614,0.00324406358723,0.0915019686039,0.0533582934995,0.0540261661602
Lipodystrophy,0.047196641125,0.0441636282458,0.0283813859729,0.100801826666,0.137427072458,0.34757138566,0.0,0.0127902707126,0.00931901357065,0.0113552071554,5.8602610182e-05,0.0415589663124,0.0227403745984,0.000192942565444,0.0104834576558,0.0855087356035,0.0621708689896,0.0382796200979
Anemia,0.058955879638,0.0294092883109,0.0259112283374,0.0367004706041,0.0135842736307,0.000383894988228,0.44285797133,0.00837425573247,0.00809686750066,0.0107300829303,0.0,0.0984529018883,0.0118677838434,0.0251494542514,0.0194314401564,0.164177624499,0.0359399239428,0.00997665841637
Anorexia,0.0175385560811,0.102357472112,0.0328488648007,0.0729573671656,0.0342381268077,0.0105150133968,0.0,0.45826781718,0.0171652172828,0.0267675542662,0.00477796687001,0.0324800826095,0.0120006950453,0.0111694467603,0.0124470291126,0.0694653385412,0.0563168453569,0.0286866066109
Diarrhea,0.0562991376024,0.0447371857508,0.0348161331116,0.0379697043652,0.0063898245127,0.016117041171,0.00839619100486,0.00687360792372,0.46973419636,0.0194849190782,0.00784924846313,0.0427734192161,0.0167646858299,0.0153296465822,0.00905919935978,0.0847235450515,0.0728490119847,0.0498333026322
Leg pain / numbness,0.0580405126677,0.0554802378574,0.0379788807542,0.0461203833991,0.0189502836544,0.0553592891516,0.00220933622431,0.0193279348536,0.0093419437679,0.338368020309,0.00544720808317,0.0697835893437,0.0512378713685,0.0059564047231,0.0172014907124,0.114094229475,0.0568964606291,0.0382059230259
Night sweats,0.128205659862,0.0735158552976,0.039889717598,0.000682042180063,6.81342078274e-05,8.57050905339e-05,1.04404145626e-06,0.0,0.00097855575265,0.0233974128681,0.337958477656,0.0301944940492,0.000939346921869,0.0,0.0363961543116,0.24055727708,0.059231300681,0.0278988224018
Peripheral neuropathy,0.049355477108,0.0240541103788,0.0304264711119,0.0259226046027,0.0394633603695,0.0274044252188,0.00698660381413,0.0103236269671,0.0116803522597,0.0896597892936,0.00961777674431,0.0475720279864,0.368974330484,0.0118797510473,0.0291511909574,0.138438544907,0.0466992996865,0.0323902570634
Vomiting,0.0258704750864,0.0182731373078,0.0670952099096,0.0223409798492,0.000542375689921,0.0110318128063,0.00869177954426,0.0169992001353,0.0486475563745,0.00902393222371,0.000768131971161,0.0486354520732,0.0148938931514,0.42634675514,0.0186287249125,0.16055711847,0.0692213074291,0.0324321579254
Weight loss / Failure to thrive / malnutrition,0.334743387003,0.0892050842998,0.00725473920532,0.0244832999759,0.0136036167455,0.00104644393477,0.00353314792467,0.00101693424045,0.00252547485677,0.0109546634235,0.0109947977125,0.0382257431574,0.0156856560676,0.000703496874672,0.313523762948,0.0933221185722,0.0188708836919,0.0203067493667
Other symptom,0.0828589114515,0.0488705724291,0.0587961042235,0.0476742038085,0.0206116511486,0.0243447991247,0.00242292348688,0.0133554814818,0.0215396147641,0.0428135893458,0.00803715165505,0.385031026858,0.0317855887935,0.0151305552683,0.0115168073967,0.10375419603,0.0436971485542,0.03775967418
No symptoms,0.0630639450545,0.0600337205207,0.0439807291468,0.0467411168605,0.0465442853319,0.0563446325017,0.00162763816497,0.0481050987264,0.00807384975234,0.0364367718363,0.0115168466823,0.035280219418,0.0198810624286,0.0075273535674,0.0152649432245,0.243075192167,0.0997942099431,0.156708384673

CondensedNearestNeighbour0.3_symptoms.csv
Cough,0.177565220976,0.0741240790776,0.0311429178423,0.0312606853573,0.0224293619119,0.0206786151212,0.00615259494231,0.00219252984922,0.0459374588302,0.0225143223301,0.0542950429203,0.0553352329101,0.0282056471638,0.00437760950855,0.101977255209,0.18990147936,0.0661042658613,0.0658056808281
Fever,0.177395800624,0.229807931715,0.0648165544162,0.0347173474912,0.00504061504638,0.0243169698163,0.0,0.0399036906569,0.0100532560788,0.0154765886908,0.0552261878046,0.0210466566333,0.00434381317579,0.090988136945,0.0440660896998,0.119015871232,0.0420462798257,0.0217382101485
Abdominal pain,0.0286584777147,0.0834641738314,0.317721237188,0.0411889170642,0.120117167953,0.0320467481457,0.0110424934046,0.0314270661517,0.010100935351,0.0166579353688,0.0212641482723,0.0149788197544,0.0210400026359,0.0107309146751,0.0274390098917,0.0949624117518,0.042125714527,0.075033826319
Skin rash,0.093118252884,0.0466142144287,0.0587909079092,0.38040208024,0.0550937462446,0.0531325674635,0.00257896202908,0.0320382912105,0.0099766603076,0.0289748328816,0.00298918264173,0.0135727964941,0.00601746282783,0.0108835386349,0.00613783334428,0.084412813012,0.0788450607807,0.0364207966651
Lipodystrophy,0.0325855844916,0.00771623354182,0.0155987651665,0.11808582832,0.159843470258,0.268369313498,0.0,0.0560773671818,0.0,0.0439740670459,0.00317783275077,0.0566690496511,0.0529653986044,0.0147421885873,0.00397094603879,0.0950767770086,0.0295150220922,0.0416321557636
Anemia,0.0310847879858,0.00404469948656,0.0431012140327,0.0121249101442,0.00281050937283,0.000403848643051,0.66085376652,0.00813833701251,0.00304683284892,0.0150736277352,0.0105237686469,0.0270829055865,0.0433793514399,0.00157052250076,0.00644226236186,0.0909405363809,0.0186564606594,0.0207216586423
Anorexia,0.169717257043,0.0857142577226,0.105995109847,0.0292842511293,0.064870731906,0.0420963397223,0.0,0.182166275345,0.0304728313745,0.0627752110694,0.0283172156742,0.000643962848297,0.0209782487624,0.0280856028667,0.0518599686379,0.0518794735748,0.0294291793842,0.0157140830922
Diarrhea,0.0264602011395,0.00767627470283,0.00649065277733,0.0112780469522,0.0282978134606,0.0237945425245,0.000634951784439,0.0181910421922,0.481270581902,0.0401698075753,0.00376760155178,0.0253772206141,0.0272486375703,0.00605772964577,0.0155397516696,0.14136478256,0.0445873129158,0.0917930484623
Leg pain / numbness,0.039578683502,0.0279466981301,0.0154156540476,0.0234350904448,0.0159613048553,0.0204359328851,0.0176223262154,0.0185311386299,0.00218579712254,0.352598460678,0.0119019814706,0.0449347155419,0.0694708591035,0.0387630622428,0.0111635435711,0.189530758779,0.0743783728237,0.026145619956
Night sweats,0.164751297282,0.19662717673,0.0466558528906,0.00097077779917,0.0,0.0,0.0,0.000141129032258,0.000285087719298,0.00126099073167,0.272199231241,0.0276476244696,0.000388022609068,2.31961637114e-05,0.0780035021572,0.0923975899348,0.0431791437159,0.0754693775244
Peripheral neuropathy,0.0443876956669,0.036998571405,0.029511065744,0.0373348729961,0.00780790155987,0.00950096546123,0.0179567232487,0.0218169546081,0.0226296697511,0.0693993481603,0.0184215558641,0.0239428454135,0.414003955257,0.0788321235851,0.0046937736706,0.0649590165806,0.0504276431346,0.0473753178933
Vomiting,0.00971587206194,0.0344866020095,0.044702147554,0.0449606922057,0.00402960526316,0.00425302894146,0.0,0.0540424683668,0.00593470268612,0.0103159997799,0.0099104527311,0.0902921432857,0.0236867111489,0.393296401049,0.00985826594512,0.171856640272,0.0424260484266,0.0462322182729
Weight loss / Failure to thrive / malnutrition,0.0684088518654,0.131803767301,0.00800043166901,0.0101237982583,0.00691895501041,0.00358718257542,0.00428728626299,0.00419871964937,0.00133067464274,0.00377731606476,0.143426584167,0.0108048436202,0.0125267368469,0.00814474763862,0.372341061001,0.110106999255,0.0418042536362,0.0584077905358
Other symptom,0.0475375140832,0.041632574703,0.077625880285,0.0354026459936,0.00508636274583,0.0231562993887,0.0272877712587,0.023785813552,0.00225805078976,0.0592246218022,0.0537374438994,0.308915789554,0.0131325580799,0.00356262473243,0.0189773059849,0.148661826694,0.0665072848598,0.0435076315934
No symptoms,0.0662394504025,0.044431966967,0.0322589290562,0.0535733630106,0.0371315841988,0.0371146420799,0.00922344840482,0.0302018373746,0.024653528285,0.044897713576,0.0260407742143,0.028250758771,0.0293096949147,0.0150321938835,0.0529127379126,0.237133988862,0.107040207863,0.124553180223

TomekLinks_0.3_symptoms.csv
Cough,0.258824922879,0.123161311125,0.0432676457811,0.152275140804,0.0997928146531,0.057113236326,0.000788572619,0.00512651252947,0.00351852157012,0.0175672518927,0.0377516100066,0.0480156381265,0.0127517366664,0.00323766503324,0.0477646879414,0.056424104144,0.0199364079534,0.0126822199489
Fever,0.197529545836,0.211273765279,0.0275072019158,0.0302639189289,0.00743949027203,0.0214123012963,0.00140905113839,0.0197881882546,0.0148909600981,0.0300044243382,0.0313254444667,0.0665816026737,0.032485440317,0.0337095342401,0.0509594361199,0.126414223054,0.0628996546306,0.0341058171414
Abdominal pain,0.0570270310031,0.0685104589082,0.372699420038,0.0337195553833,0.0316881939402,0.0280534632154,0.00599090418032,0.06246418992,0.0306118567317,0.0193495619208,0.0131081083397,0.0419795570713,0.0303045495002,0.00862825932481,0.0152778444315,0.112506503744,0.0365312242424,0.0315493181048
Skin rash,0.0780271074564,0.0210762677967,0.136596572402,0.157391865661,0.148101361831,0.237129410671,0.00146829505497,0.0324793361864,0.0039937155819,0.0189040003942,0.00328232017513,0.0147571684762,0.010649474684,0.00303750719522,0.00554788117653,0.0656896484757,0.0362792435664,0.0255888232163
Lipodystrophy,0.0298566863349,0.0456158606497,0.0163818167893,0.0834505379354,0.0898834373559,0.467495693237,5.16046617478e-05,0.00868497792972,0.005042898625,0.021698689727,0.00113084751701,0.0451950318122,0.0256875504219,3.34180443545e-05,0.0109143145989,0.100619690601,0.0281812947934,0.0200756489654
Anemia,0.0205123544491,0.00397140156912,0.0479925705085,0.0935365124129,0.000199268613568,0.00029317804419,0.423729681921,0.000397519749302,0.00245479083909,0.0223036624167,0.00159281766974,0.0503618461736,0.0331679033318,0.0174593071105,0.0160982771974,0.158954646593,0.0588733326803,0.0481009287197
Anorexia,0.0445131329787,0.0564335525897,0.0449516163771,0.0201339860679,0.00862359681642,0.0128420524859,0.0,0.529320847636,0.00703593435894,0.0191524723764,0.0042686742183,0.0410294783732,0.0428574153664,0.0163471379905,0.00419685969513,0.0898048662965,0.0356895225009,0.0227988538721
Diarrhea,0.0509677164502,0.0192854034623,0.0688564237352,0.0184458815124,0.0064364697322,0.0432264681346,0.010089926241,0.0321662251451,0.301015416916,0.0314742424895,0.00349862526514,0.0686902347257,0.0369432774962,0.0188745600356,0.00742563570788,0.158263714585,0.083751635388,0.0405881429773
Leg pain / numbness,0.0660182640765,0.0419176539283,0.0668931433595,0.070266494657,0.0590455696277,0.0566418691598,0.00508117727892,0.0146253384432,0.0113348269771,0.242847953446,0.00665418770869,0.0602019339941,0.0646587202828,0.013489547754,0.0146069453836,0.127853486884,0.0560121764823,0.021850710557
Night sweats,0.161060791463,0.104053967718,0.0159860746392,0.000488860365112,0.000145555903389,0.000923219488767,0.0,0.00032839920701,0.0060356862297,0.0127390349598,0.379962748425,0.00462915498678,0.0215312119384,0.0,0.0243542777679,0.128794409301,0.0770357622537,0.0619308453536
Peripheral neuropathy,0.0466964529333,0.0278286333043,0.0352576016118,0.0367975715043,0.0373983974324,0.0202072462737,0.00241180632456,0.0195490810561,0.00984737446742,0.0784293895941,0.00617629064865,0.0651092185421,0.366772760822,0.0150118420929,0.0186569151648,0.109939358955,0.068995712996,0.0349143462767
Vomiting,0.0569504054004,0.0548669399401,0.0113843511155,0.0116618613389,0.00545788024594,0.0147838236598,0.00771474444054,0.0325575186956,0.0325389064028,0.0342825608683,0.00507288632918,0.042351689048,0.011045876448,0.37427854176,0.0100897199931,0.164124843801,0.0864517596974,0.0443856908148
Weight loss / Failure to thrive / malnutrition,0.143204395093,0.0499005170952,0.0172828445638,0.0309624599894,0.0169945584492,0.0104493001368,0.00210709702202,0.00129363817824,0.00270932503928,0.0256815807526,0.0534519019109,0.049719634559,0.0212524492597,0.00350551409424,0.422780843636,0.104700110989,0.0219370672275,0.022066762004
Other symptom,0.0921850383064,0.0433096927681,0.0838329058128,0.0402754104549,0.0293035983282,0.0304256996829,0.00695107508004,0.0167793667889,0.0120607805382,0.034019776296,0.00865970267554,0.336917058961,0.0237249972177,0.0163052220851,0.0411632818274,0.11234689895,0.0416769211253,0.030062573101
No symptoms,0.0854837067221,0.0587918613754,0.0528718294903,0.0540347971508,0.0371067771468,0.0418735698955,0.00434174732525,0.0432771294033,0.00404225131527,0.0528961404717,0.0158481589289,0.0270669568064,0.0294493989539,0.00757819893462,0.0167434320068,0.273625236714,0.0909192722173,0.104049535142

NM_ADJ_Over_symptoms.csv
Cough,0.204178326502,0.0629770726149,0.0232251278219,0.0115010466393,0.0104378165962,0.0161211979404,0.014117832226,0.00902150462202,0.0135648945344,0.00584983046847,0.112294565515,0.0323666351732,0.0277004414071,0.0115742469823,0.0640602901062,0.194602718495,0.156390262454,0.0300161899011
Fever,0.115323929134,0.191995359247,0.049693786592,0.0362197055357,0.0257393747522,0.0231780973066,0.0160434859116,0.0348322953671,0.0200740343658,0.030172509998,0.0466753671345,0.0422267821152,0.0245118233296,0.0355366462428,0.100574681317,0.11505755924,0.0592775047644,0.0328670576466
Abdominal pain,0.0454846892617,0.0501531904753,0.311476595063,0.0567869842146,0.0354497199689,0.0468678340593,0.0228173563773,0.0536455719275,0.0305419108786,0.0346524242278,0.0332870058864,0.0422889593176,0.0296734659826,0.010542057971,0.0115942287497,0.10042298753,0.0569367742525,0.0273782438565
Skin rash,0.0600051478227,0.0454061146719,0.119390077998,0.151676232948,0.0960158883393,0.051464084913,3.3171223647e-05,0.102971286242,0.00631731124619,0.0269827837416,0.00182837169087,0.0226678351631,0.0155643438572,0.00530769291616,0.00245094089944,0.1431100485,0.102798422154,0.0460102456726
Lipodystrophy,0.0253445889118,0.142583390815,0.0271587248849,0.0437771199806,0.120633894855,0.407544997906,0.00137807907718,0.0213862639536,0.00669370751536,0.0205389797652,0.00465287091955,0.0197835301075,0.0255205653673,0.00612530519458,0.00854125602573,0.0492122470031,0.0548161519163,0.014308325801
Anemia,0.0120138441105,0.00260300414659,0.0032737985867,0.00114174585137,0.0,0.00521166335482,0.79429627289,0.0037691312761,0.0129945883739,0.0072534861837,0.00814427367469,0.0168090218287,0.00715768537943,0.015432230889,0.00339737240875,0.0752543793462,0.0223882850068,0.00885921669303
Anorexia,0.0363619168504,0.0332338836813,0.0619572713515,0.0247166155429,0.0126114482831,0.177094219807,0.00430581134163,0.44733702825,0.00726851535245,0.010225634181,0.0106316613262,0.0214353184466,0.0215165361135,0.00765466035407,0.0095396304858,0.063368020752,0.0401599502713,0.0105818776096
Diarrhea,0.0214483131438,0.0322335752344,0.0289251740138,0.0130398215781,0.0146577384021,0.0210618101546,0.0246441220602,0.0216165668707,0.626316718016,0.0101932078676,0.00427373250624,0.0251426723061,0.0123759732822,0.0204814119335,0.00772822309613,0.0628022376804,0.0242049755953,0.0288537262585
Leg pain / numbness,0.0327239037289,0.0373417500451,0.0405126519557,0.0313319669742,0.0151156380605,0.0419786122399,0.0124821734897,0.0441898666673,0.0361429807265,0.373046676289,0.00739043881111,0.0639794205472,0.0618129557917,0.0183283582748,0.00937066427636,0.110420419585,0.0460994577324,0.0177320648048
Night sweats,0.0876192322711,0.189877976026,0.00152605082243,0.00544445158291,0.0,0.00651463346729,0.0121641977193,0.00440687568765,0.00125509099982,0.00248439536348,0.470723618734,0.0101600990562,0.00462378535043,0.00338414332937,0.0861069070167,0.0485594590846,0.0221570350027,0.0429920484861
Peripheral neuropathy,0.0188157639031,0.0205480695364,0.0316819620791,0.0317265323865,0.0117770031993,0.0481611238622,0.00576300519274,0.0652803836407,0.0224544031,0.143930196045,0.0078236013276,0.0467251983353,0.364062876826,0.0301570616062,0.0127005179609,0.0730772989247,0.0439815368389,0.0213334652355
Vomiting,0.0163843044599,0.0192223216826,0.026154459048,0.0168717307371,0.0027672965623,0.00818861619781,0.0160687975045,0.0732040402833,0.0317481241098,0.0180745779719,0.00523937957743,0.0355125249888,0.00497891554423,0.609876363266,0.00790488928523,0.065470726035,0.0296385696414,0.0126943631047
Weight loss / Failure to thrive / malnutrition,0.128879810635,0.0914904665945,0.00652740627312,0.00544065686887,0.00126215776952,0.0151981116198,0.0279543904807,0.00791070938952,0.00797109409128,0.010356286609,0.0948845680638,0.0273735689378,0.0265516267424,0.0111179898644,0.356467456755,0.120779191167,0.0340890169011,0.0257454912367
Other symptom,0.0433357259699,0.0689975279397,0.0757961691948,0.0169147145228,0.00423971289611,0.0332377621151,0.0135900900171,0.0445612870191,0.0499732656813,0.0378102766976,0.00982991600337,0.299389571862,0.0346635632801,0.0579404491435,0.0187310357039,0.110597634025,0.0566644313961,0.0237268665322
No symptoms,0.0679072111077,0.0556436798441,0.0315893851051,0.0312443568526,0.0174800404143,0.0184860222819,0.00925009309771,0.0155339813238,0.0198530950549,0.0196686028132,0.033615321449,0.0319923693403,0.0147087193663,0.00723932668915,0.0438296648571,0.248970053152,0.177035269428,0.155952807823

